.Random.seed <-
c(403L, 10L, 2015407115L, 1069263081L, -2005989448L, 2103812198L, 
-274009855L, -535353453L, 636393538L, 126578676L, -985355785L, 
569499117L, 398749316L, -1621708630L, -1745699307L, 1937302191L, 
-1462544202L, 1904064224L, -1838085597L, -533564095L, -1524275152L, 
-467004850L, 464000697L, 1830712011L, -1072774278L, 959746684L, 
850937535L, 100388757L, 1175201708L, 280720770L, 1115020125L, 
1683682903L, 1761223998L, 945698168L, 1410303579L, -1216654919L, 
-1363676152L, -932909386L, 605593073L, -55028701L, -1013101454L, 
-2019963196L, -463329145L, -95048611L, 1853633108L, -1562613638L, 
666594245L, 2096037151L, -711086938L, 2134072880L, -1281776429L, 
-814789903L, 1918597664L, -1121633090L, 877701321L, 395139707L, 
1834676298L, 589127852L, -1138567249L, -551230619L, 1406900508L, 
135373170L, 1742021101L, 1230784039L, -1558976946L, -825341272L, 
-1665251157L, -2091798071L, 1857068504L, 765791366L, 897413473L, 
1210651891L, -641074334L, 1439561172L, 1065648343L, 1125905101L, 
965055076L, 2016815178L, 1924341173L, 188227855L, 653524502L, 
-373565248L, -458199421L, 630901409L, -612983664L, 920221550L, 
-1620455143L, -1111985749L, -1590898790L, -1918566564L, 398560863L, 
338591285L, -409338420L, -1779917534L, -805730435L, 1383259255L, 
261210526L, 1878538328L, 90834363L, -1590334631L, 1902229736L, 
-2012374762L, -685315439L, -668104893L, 562336338L, 826782948L, 
1063288615L, -852427907L, 465174132L, -1789984678L, -763176795L, 
-720041281L, 215920966L, 1565501392L, 953962995L, 799259921L, 
759839040L, 677693726L, 1607118313L, -558293221L, 2121058602L, 
2029126220L, -1271710193L, 1396740421L, 1430379260L, 105312594L, 
-466774323L, 1242205831L, -458000018L, 1861579592L, 429680459L, 
661958313L, 1617646584L, -2127262938L, -886006719L, -1247695405L, 
-542949502L, 820474804L, -554104009L, -963835347L, 1121512260L, 
-917307286L, 605166293L, -1021787025L, -1788379786L, 58893984L, 
-819977373L, -1943812095L, 316601200L, 547650318L, -319507079L, 
-2098310901L, 1619202618L, -485242564L, -1399519617L, 89869781L, 
2115027948L, 1085920578L, -1097528675L, 1863083799L, -884472194L, 
2102339128L, -849256165L, 40814201L, -1960508728L, 394121974L, 
-878322895L, 775990115L, 387957042L, -1060748668L, 625831623L, 
-1464650339L, 1032003860L, 1471057850L, -1770862075L, -2024342561L, 
-280055194L, -225890832L, -1279247597L, 1973896369L, 779605856L, 
-426298114L, -1128950647L, -374533189L, 272203146L, 1585552492L, 
1717859823L, -283259355L, -302920996L, 649601202L, 1502753709L, 
-612800665L, 888050830L, 1379864936L, 1577161067L, -628956407L, 
-1909484136L, -1615584058L, 123199009L, -464240973L, 1455907874L, 
613932564L, -1353035113L, -517665651L, -814153308L, -742364278L, 
-565491723L, 1750845007L, -1252097706L, 629132288L, -1321155261L, 
-1033213727L, -1549483440L, -728572242L, -498398631L, -1910795669L, 
-1297270822L, 1070282908L, 257587871L, -611116811L, -1731067508L, 
-1203622814L, 1344158781L, 312413879L, -796037794L, 629470360L, 
-1962663941L, -160365159L, 1198265896L, -767574688L, 23888098L, 
909715624L, 165061324L, 2072479228L, -1774094414L, -910753808L, 
1670512068L, 145725784L, 701877626L, -461165136L, -1174242884L, 
1925917268L, 1705786818L, 1189583648L, 1911634876L, 1785685072L, 
-1485183006L, 2092198760L, -661637300L, -78505220L, 445715186L, 
2095939840L, 853386356L, -63546872L, 1610224058L, -688727600L, 
1516614636L, -778365036L, 246412498L, -399880096L, 1111558476L, 
-800919776L, -505777534L, 112292328L, -1104104468L, -625574340L, 
-1178426766L, 48211824L, -779452124L, 84921912L, -558088806L, 
-901556784L, -773918276L, -367400300L, 515020418L, 1837316544L, 
2069069628L, 1764034192L, -1582427358L, -1218155000L, -306047220L, 
-548397156L, 400017426L, -1072835712L, 2097889044L, 1062508840L, 
-137344966L, -288151600L, 1791255148L, -34712524L, 2132860050L, 
1782793568L, -1380781748L, 2045243872L, -1331427422L, -1144410200L, 
278731916L, -2100651076L, 149332082L, 641618928L, 1392644164L, 
-834726824L, 1468487738L, -1047048080L, 888924732L, -576644332L, 
1847537346L, -1273405728L, -1497803652L, 257220816L, 1635611554L, 
680092200L, 867564812L, 1664265148L, -1838961358L, 1643648192L, 
-1613128140L, -1022855480L, 1217752762L, 748931216L, -47674644L, 
740799060L, 1526699666L, -2041648352L, 640101324L, -749239072L, 
-1282045246L, -544374744L, -318274644L, 1224901308L, -2033381902L, 
-1828245968L, 201058212L, -903862856L, -642144422L, -2057140080L, 
-559070340L, 1328864020L, -1168785086L, -118869248L, 1729132476L, 
-848329904L, 388566306L, -1233770936L, 143820812L, -514844580L, 
-1054465582L, -1072037376L, 1886927188L, 1005716712L, 1457626362L, 
-249504048L, 110048556L, 405772532L, 1043963282L, 1246269792L, 
751251468L, -763722016L, 1931086434L, -1499421016L, -566036916L, 
563274620L, -375859918L, 2023863920L, 1554246468L, 1079186392L, 
-1049186438L, -890271184L, -1774249028L, -1077378476L, -1783798718L, 
1152336032L, 1440828092L, 2067131856L, -766118046L, -291665176L, 
1620325580L, 528662012L, -1377900046L, -974494080L, -1229249036L, 
1821274760L, 480898874L, -1684410544L, 631708780L, 1955714452L, 
1031115858L, 1644689888L, 707620044L, 370260128L, 1128544642L, 
1279527144L, 1666509548L, 1180194108L, 354866290L, -896537488L, 
-887950300L, -2122743752L, -796085478L, -1347353392L, 456770364L, 
1609265044L, -255363198L, 105717184L, -629935556L, 80091536L, 
80814626L, -219677432L, -1286503796L, 409519900L, -307144558L, 
-862746240L, 465889812L, -1988676824L, -1696195014L, 548356560L, 
55772524L, -1265820748L, -652964846L, -1618388512L, 409222092L, 
-1849272096L, -1675423710L, 722783528L, -545624564L, -1214821572L, 
-1599626254L, -56758544L, 1531933252L, 1002499672L, -1249512646L, 
1741791728L, -45105476L, 729058580L, 1539004098L, 786552928L, 
191850364L, 1338174416L, -801288926L, 2027640488L, -17323124L, 
1947221180L, -2013894862L, 368998976L, 1728110772L, -619910584L, 
-2019848774L, 1981358608L, -1860634900L, -595675820L, 998634770L, 
1283602848L, 2005669580L, 350432864L, -1896973374L, -1323734232L, 
-349304806L, -1766083441L, 1901460441L, -1668473746L, 524025852L, 
2018932077L, -69538025L, -1797976352L, 1043213502L, -2099500405L, 
-1758625523L, 224929082L, 626681208L, -1289146591L, 17033171L, 
-1044713740L, 920121218L, 348321303L, 243653857L, 1848797734L, 
-1124463836L, -1076894763L, 1216967551L, -328157672L, -1750090442L, 
-1530334269L, -1484785147L, -1077837406L, -892574320L, -797719239L, 
-121245205L, -940911908L, -1226991862L, 103127551L, 300896329L, 
2022644190L, -1772461684L, 380329309L, 1311972711L, 1368989328L, 
781656238L, 1537089883L, -280709827L, 645818282L, -412016568L, 
-1649821583L, 325670371L, -687697692L, 1213135890L, 18126823L, 
-2095579215L, 73511414L, -535413740L, -1872813275L, -1924058065L, 
-153360920L, 1098961606L, 1292966771L, -1576844331L, -936014926L, 
-186872448L, -363719319L, 85793243L, 1656389932L, 281305914L, 
996613615L, -191223687L, -1039142130L, -1038547236L, -734202547L, 
1666230455L, -35491264L, -1522636002L, -866086421L, -93356691L, 
-523189286L, -266205800L, -1911616511L, -30560845L, 1873081556L, 
209658338L, -58786697L, 649519553L, -1933231290L, 1075881604L, 
1177776181L, 985948191L, 1357301624L, -935428522L, -791727389L, 
1565750437L, 397040962L, 413182768L, -970305703L, -1611053877L, 
-455191236L, -1524792982L, 730155935L, -1873508823L, 135784638L, 
937193900L, 1110822653L, -264635833L, -329090768L, -1379450290L, 
473606779L, -135718435L, 651472906L, 83398952L, 1069879185L, 
-629530237L, -288702844L, -271819598L, -1587839993L, -178804655L, 
-709543978L, -316156236L, 947185349L, -128608241L, -1781487480L, 
1964579238L, -805813933L, -321195339L, -25417710L, 879733216L, 
-2050458551L, 831457915L, -1457712308L, -876325158L, -1265956145L, 
-640009575L, 1812256430L, 451462076L, 1168481325L, 722072535L, 
-883221984L, 1797634942L, 625304907L, -1037990067L, 505056634L, 
-1913073736L, 1042986337L, 577276179L, -1341890252L, 1303755586L, 
887225175L, -231195999L, -1284088986L, 1432474980L, 1507074197L, 
